2202  2229  2256  2283  2310  2337  2364  2391  2418  2445  2472  2499  0001  0028  0055  0082  0109  0136  0163  0190  0217  0244  0271  0298  0325  1577  1604  1631  1658  1685  1712  1739  1766  1793  1820  1847  1874  1251  1278  0680  0707  0734  0761  0788  0815  0842  0869  0896  0923  0950  
2228  2255  2282  2309  2336  2363  2390  2417  2444  2471  2498  1900  0027  0054  0081  0108  0135  0162  0189  0216  0243  0270  0297  0324  0326  1603  1630  1657  1684  1711  1738  1765  1792  1819  1846  1873  1275  1277  1304  0706  0733  0760  0787  0814  0841  0868  0895  0922  0949  0951  
2254  2281  2308  2335  2362  2389  2416  2443  2470  2497  1899  1901  0053  0080  0107  0134  0161  0188  0215  0242  0269  0296  0323  0350  0352  1629  1656  1683  1710  1737  1764  1791  1818  1845  1872  1274  1276  1303  1330  0732  0759  0786  0813  0840  0867  0894  0921  0948  0975  0977  
2280  2307  2334  2361  2388  2415  2442  2469  2496  1898  1925  1927  0079  0106  0133  0160  0187  0214  0241  0268  0295  0322  0349  0351  0378  1655  1682  1709  1736  1763  1790  1817  1844  1871  1273  1300  1302  1329  1356  0758  0785  0812  0839  0866  0893  0920  0947  0974  0976  1003  
2306  2333  2360  2387  2414  2441  2468  2495  1897  1924  1926  1953  0105  0132  0159  0186  0213  0240  0267  0294  0321  0348  0375  0377  0404  1681  1708  1735  1762  1789  1816  1843  1870  1272  1299  1301  1328  1355  1382  0784  0811  0838  0865  0892  0919  0946  0973  1000  1002  1029  
2332  2359  2386  2413  2440  2467  2494  1896  1923  1950  1952  1979  0131  0158  0185  0212  0239  0266  0293  0320  0347  0374  0376  0403  0430  1707  1734  1761  1788  1815  1842  1869  1271  1298  1325  1327  1354  1381  1408  0810  0837  0864  0891  0918  0945  0972  0999  1001  1028  1055  
2358  2385  2412  2439  2466  2493  1895  1922  1949  1951  1978  2005  0157  0184  0211  0238  0265  0292  0319  0346  0373  0400  0402  0429  0456  1733  1760  1787  1814  1841  1868  1270  1297  1324  1326  1353  1380  1407  1434  0836  0863  0890  0917  0944  0971  0998  1025  1027  1054  1081  
2384  2411  2438  2465  2492  1894  1921  1948  1975  1977  2004  2031  0183  0210  0237  0264  0291  0318  0345  0372  0399  0401  0428  0455  0482  1759  1786  1813  1840  1867  1269  1296  1323  1350  1352  1379  1406  1433  1460  0862  0889  0916  0943  0970  0997  1024  1026  1053  1080  1107  
2410  2437  2464  2491  1893  1920  1947  1974  1976  2003  2030  2057  0209  0236  0263  0290  0317  0344  0371  0398  0425  0427  0454  0481  0508  1785  1812  1839  1866  1268  1295  1322  1349  1351  1378  1405  1432  1459  1486  0888  0915  0942  0969  0996  1023  1050  1052  1079  1106  1133  
2436  2463  2490  1892  1919  1946  1973  2000  2002  2029  2056  2083  0235  0262  0289  0316  0343  0370  0397  0424  0426  0453  0480  0507  0534  1811  1838  1865  1267  1294  1321  1348  1375  1377  1404  1431  1458  1485  1512  0914  0941  0968  0995  1022  1049  1051  1078  1105  1132  1159  
2462  2489  1891  1918  1945  1972  1999  2001  2028  2055  2082  2109  0261  0288  0315  0342  0369  0396  0423  0450  0452  0479  0506  0533  0560  1837  1864  1266  1293  1320  1347  1374  1376  1403  1430  1457  1484  1511  1538  0940  0967  0994  1021  1048  1075  1077  1104  1131  1158  1185  
2488  1890  1917  1944  1971  1998  2025  2027  2054  2081  2108  2135  0287  0314  0341  0368  0395  0422  0449  0451  0478  0505  0532  0559  0586  1863  1265  1292  1319  1346  1373  1400  1402  1429  1456  1483  1510  1537  1564  0966  0993  1020  1047  1074  1076  1103  1130  1157  1184  1211  
0014  1916  1943  1970  1997  2024  2026  2053  2080  2107  2134  2161  2188  0340  0367  0394  0421  0448  0475  0477  0504  0531  0558  0585  0612  1264  1291  1318  1345  1372  1399  1401  1428  1455  1482  1509  1536  1563  1590  0992  1019  1046  1073  1100  1102  1129  1156  1183  1210  1237  
1915  1942  1969  1996  2023  2050  2052  2079  2106  2133  2160  2187  0339  0366  0393  0420  0447  0474  0476  0503  0530  0557  0584  0611  0013  1290  1317  1344  1371  1398  1425  1427  1454  1481  1508  1535  1562  1589  1616  1018  1045  1072  1099  1101  1128  1155  1182  1209  1236  0638  
1941  1968  1995  2022  2049  2051  2078  2105  2132  2159  2186  2213  0365  0392  0419  0446  0473  0500  0502  0529  0556  0583  0610  0012  0039  1316  1343  1370  1397  1424  1426  1453  1480  1507  1534  1561  1588  1615  1642  1044  1071  1098  1125  1127  1154  1181  1208  1235  0637  0664  
1967  1994  2021  2048  2075  2077  2104  2131  2158  2185  2212  2239  0391  0418  0445  0472  0499  0501  0528  0555  0582  0609  0011  0038  0065  1342  1369  1396  1423  1450  1452  1479  1506  1533  1560  1587  1614  1641  1668  1070  1097  1124  1126  1153  1180  1207  1234  0636  0663  0690  
1993  2020  2047  2074  2076  2103  2130  2157  2184  2211  2238  2265  0417  0444  0471  0498  0525  0527  0554  0581  0608  0010  0037  0064  0091  1368  1395  1422  1449  1451  1478  1505  1532  1559  1586  1613  1640  1667  1694  1096  1123  1150  1152  1179  1206  1233  0635  0662  0689  0716  
2019  2046  2073  2100  2102  2129  2156  2183  2210  2237  2264  2291  0443  0470  0497  0524  0526  0553  0580  0607  0009  0036  0063  0090  0117  1394  1421  1448  1475  1477  1504  1531  1558  1585  1612  1639  1666  1693  1720  1122  1149  1151  1178  1205  1232  0634  0661  0688  0715  0742  
2045  2072  2099  2101  2128  2155  2182  2209  2236  2263  2290  2317  0469  0496  0523  0550  0552  0579  0606  0008  0035  0062  0089  0116  0143  1420  1447  1474  1476  1503  1530  1557  1584  1611  1638  1665  1692  1719  1746  1148  1175  1177  1204  1231  0633  0660  0687  0714  0741  0768  
2071  2098  2125  2127  2154  2181  2208  2235  2262  2289  2316  2343  0495  0522  0549  0551  0578  0605  0007  0034  0061  0088  0115  0142  0169  1446  1473  1500  1502  1529  1556  1583  1610  1637  1664  1691  1718  1745  1772  1174  1176  1203  1230  0632  0659  0686  0713  0740  0767  0794  
2097  2124  2126  2153  2180  2207  2234  2261  2288  2315  2342  2369  0521  0548  0575  0577  0604  0006  0033  0060  0087  0114  0141  0168  0195  1472  1499  1501  1528  1555  1582  1609  1636  1663  1690  1717  1744  1771  1798  1200  1202  1229  0631  0658  0685  0712  0739  0766  0793  0820  
2123  2150  2152  2179  2206  2233  2260  2287  2314  2341  2368  2395  0547  0574  0576  0603  0005  0032  0059  0086  0113  0140  0167  0194  0221  1498  1525  1527  1554  1581  1608  1635  1662  1689  1716  1743  1770  1797  1824  1201  1228  0630  0657  0684  0711  0738  0765  0792  0819  0846  
2149  2151  2178  2205  2232  2259  2286  2313  2340  2367  2394  2421  0573  0600  0602  0004  0031  0058  0085  0112  0139  0166  0193  0220  0247  1524  1526  1553  1580  1607  1634  1661  1688  1715  1742  1769  1796  1823  1850  1227  0629  0656  0683  0710  0737  0764  0791  0818  0845  0872  
2175  2177  2204  2231  2258  2285  2312  2339  2366  2393  2420  2447  0599  0601  0003  0030  0057  0084  0111  0138  0165  0192  0219  0246  0273  1550  1552  1579  1606  1633  1660  1687  1714  1741  1768  1795  1822  1849  1851  0628  0655  0682  0709  0736  0763  0790  0817  0844  0871  0898  
2176  2203  2230  2257  2284  2311  2338  2365  2392  2419  2446  2473  0625  0002  0029  0056  0083  0110  0137  0164  0191  0218  0245  0272  0299  1551  1578  1605  1632  1659  1686  1713  1740  1767  1794  1821  1848  1875  1252  0654  0681  0708  0735  0762  0789  0816  0843  0870  0897  0924  
0327  0354  0381  0408  0435  0462  0489  0516  0543  0570  0597  0624  1876  1903  1930  1957  1984  2011  2038  2065  2092  2119  2146  2173  2200  0952  0979  1006  1033  1060  1087  1114  1141  1168  1195  1222  1249  0626  0653  1305  1332  1359  1386  1413  1440  1467  1494  1521  1548  1575  
0353  0380  0407  0434  0461  0488  0515  0542  0569  0596  0623  0025  1902  1929  1956  1983  2010  2037  2064  2091  2118  2145  2172  2199  2201  0978  1005  1032  1059  1086  1113  1140  1167  1194  1221  1248  0650  0652  0679  1331  1358  1385  1412  1439  1466  1493  1520  1547  1574  1576  
0379  0406  0433  0460  0487  0514  0541  0568  0595  0622  0024  0026  1928  1955  1982  2009  2036  2063  2090  2117  2144  2171  2198  2225  2227  1004  1031  1058  1085  1112  1139  1166  1193  1220  1247  0649  0651  0678  0705  1357  1384  1411  1438  1465  1492  1519  1546  1573  1600  1602  
0405  0432  0459  0486  0513  0540  0567  0594  0621  0023  0050  0052  1954  1981  2008  2035  2062  2089  2116  2143  2170  2197  2224  2226  2253  1030  1057  1084  1111  1138  1165  1192  1219  1246  0648  0675  0677  0704  0731  1383  1410  1437  1464  1491  1518  1545  1572  1599  1601  1628  
0431  0458  0485  0512  0539  0566  0593  0620  0022  0049  0051  0078  1980  2007  2034  2061  2088  2115  2142  2169  2196  2223  2250  2252  2279  1056  1083  1110  1137  1164  1191  1218  1245  0647  0674  0676  0703  0730  0757  1409  1436  1463  1490  1517  1544  1571  1598  1625  1627  1654  
0457  0484  0511  0538  0565  0592  0619  0021  0048  0075  0077  0104  2006  2033  2060  2087  2114  2141  2168  2195  2222  2249  2251  2278  2305  1082  1109  1136  1163  1190  1217  1244  0646  0673  0700  0702  0729  0756  0783  1435  1462  1489  1516  1543  1570  1597  1624  1626  1653  1680  
0483  0510  0537  0564  0591  0618  0020  0047  0074  0076  0103  0130  2032  2059  2086  2113  2140  2167  2194  2221  2248  2275  2277  2304  2331  1108  1135  1162  1189  1216  1243  0645  0672  0699  0701  0728  0755  0782  0809  1461  1488  1515  1542  1569  1596  1623  1650  1652  1679  1706  
0509  0536  0563  0590  0617  0019  0046  0073  0100  0102  0129  0156  2058  2085  2112  2139  2166  2193  2220  2247  2274  2276  2303  2330  2357  1134  1161  1188  1215  1242  0644  0671  0698  0725  0727  0754  0781  0808  0835  1487  1514  1541  1568  1595  1622  1649  1651  1678  1705  1732  
0535  0562  0589  0616  0018  0045  0072  0099  0101  0128  0155  0182  2084  2111  2138  2165  2192  2219  2246  2273  2300  2302  2329  2356  2383  1160  1187  1214  1241  0643  0670  0697  0724  0726  0753  0780  0807  0834  0861  1513  1540  1567  1594  1621  1648  1675  1677  1704  1731  1758  
0561  0588  0615  0017  0044  0071  0098  0125  0127  0154  0181  0208  2110  2137  2164  2191  2218  2245  2272  2299  2301  2328  2355  2382  2409  1186  1213  1240  0642  0669  0696  0723  0750  0752  0779  0806  0833  0860  0887  1539  1566  1593  1620  1647  1674  1676  1703  1730  1757  1784  
0587  0614  0016  0043  0070  0097  0124  0126  0153  0180  0207  0234  2136  2163  2190  2217  2244  2271  2298  2325  2327  2354  2381  2408  2435  1212  1239  0641  0668  0695  0722  0749  0751  0778  0805  0832  0859  0886  0913  1565  1592  1619  1646  1673  1700  1702  1729  1756  1783  1810  
0613  0015  0042  0069  0096  0123  0150  0152  0179  0206  0233  0260  2162  2189  2216  2243  2270  2297  2324  2326  2353  2380  2407  2434  2461  1238  0640  0667  0694  0721  0748  0775  0777  0804  0831  0858  0885  0912  0939  1591  1618  1645  1672  1699  1701  1728  1755  1782  1809  1836  
1889  0041  0068  0095  0122  0149  0151  0178  0205  0232  0259  0286  0313  2215  2242  2269  2296  2323  2350  2352  2379  2406  2433  2460  2487  0639  0666  0693  0720  0747  0774  0776  0803  0830  0857  0884  0911  0938  0965  1617  1644  1671  1698  1725  1727  1754  1781  1808  1835  1862  
0040  0067  0094  0121  0148  0175  0177  0204  0231  0258  0285  0312  2214  2241  2268  2295  2322  2349  2351  2378  2405  2432  2459  2486  1888  0665  0692  0719  0746  0773  0800  0802  0829  0856  0883  0910  0937  0964  0991  1643  1670  1697  1724  1726  1753  1780  1807  1834  1861  1263  
0066  0093  0120  0147  0174  0176  0203  0230  0257  0284  0311  0338  2240  2267  2294  2321  2348  2375  2377  2404  2431  2458  2485  1887  1914  0691  0718  0745  0772  0799  0801  0828  0855  0882  0909  0936  0963  0990  1017  1669  1696  1723  1750  1752  1779  1806  1833  1860  1262  1289  
0092  0119  0146  0173  0200  0202  0229  0256  0283  0310  0337  0364  2266  2293  2320  2347  2374  2376  2403  2430  2457  2484  1886  1913  1940  0717  0744  0771  0798  0825  0827  0854  0881  0908  0935  0962  0989  1016  1043  1695  1722  1749  1751  1778  1805  1832  1859  1261  1288  1315  
0118  0145  0172  0199  0201  0228  0255  0282  0309  0336  0363  0390  2292  2319  2346  2373  2400  2402  2429  2456  2483  1885  1912  1939  1966  0743  0770  0797  0824  0826  0853  0880  0907  0934  0961  0988  1015  1042  1069  1721  1748  1775  1777  1804  1831  1858  1260  1287  1314  1341  
0144  0171  0198  0225  0227  0254  0281  0308  0335  0362  0389  0416  2318  2345  2372  2399  2401  2428  2455  2482  1884  1911  1938  1965  1992  0769  0796  0823  0850  0852  0879  0906  0933  0960  0987  1014  1041  1068  1095  1747  1774  1776  1803  1830  1857  1259  1286  1313  1340  1367  
0170  0197  0224  0226  0253  0280  0307  0334  0361  0388  0415  0442  2344  2371  2398  2425  2427  2454  2481  1883  1910  1937  1964  1991  2018  0795  0822  0849  0851  0878  0905  0932  0959  0986  1013  1040  1067  1094  1121  1773  1800  1802  1829  1856  1258  1285  1312  1339  1366  1393  
0196  0223  0250  0252  0279  0306  0333  0360  0387  0414  0441  0468  2370  2397  2424  2426  2453  2480  1882  1909  1936  1963  1990  2017  2044  0821  0848  0875  0877  0904  0931  0958  0985  1012  1039  1066  1093  1120  1147  1799  1801  1828  1855  1257  1284  1311  1338  1365  1392  1419  
0222  0249  0251  0278  0305  0332  0359  0386  0413  0440  0467  0494  2396  2423  2450  2452  2479  1881  1908  1935  1962  1989  2016  2043  2070  0847  0874  0876  0903  0930  0957  0984  1011  1038  1065  1092  1119  1146  1173  1825  1827  1854  1256  1283  1310  1337  1364  1391  1418  1445  
0248  0275  0277  0304  0331  0358  0385  0412  0439  0466  0493  0520  2422  2449  2451  2478  1880  1907  1934  1961  1988  2015  2042  2069  2096  0873  0900  0902  0929  0956  0983  1010  1037  1064  1091  1118  1145  1172  1199  1826  1853  1255  1282  1309  1336  1363  1390  1417  1444  1471  
0274  0276  0303  0330  0357  0384  0411  0438  0465  0492  0519  0546  2448  2475  2477  1879  1906  1933  1960  1987  2014  2041  2068  2095  2122  0899  0901  0928  0955  0982  1009  1036  1063  1090  1117  1144  1171  1198  1225  1852  1254  1281  1308  1335  1362  1389  1416  1443  1470  1497  
0300  0302  0329  0356  0383  0410  0437  0464  0491  0518  0545  0572  2474  2476  1878  1905  1932  1959  1986  2013  2040  2067  2094  2121  2148  0925  0927  0954  0981  1008  1035  1062  1089  1116  1143  1170  1197  1224  1226  1253  1280  1307  1334  1361  1388  1415  1442  1469  1496  1523  
0301  0328  0355  0382  0409  0436  0463  0490  0517  0544  0571  0598  2500  1877  1904  1931  1958  1985  2012  2039  2066  2093  2120  2147  2174  0926  0953  0980  1007  1034  1061  1088  1115  1142  1169  1196  1223  1250  0627  1279  1306  1333  1360  1387  1414  1441  1468  1495  1522  1549  
